0000   0000   0000   0000   0000   0000   0000   0000   
1111   1111   1111   1111   0000   0000   0000   0000   
0010   0010   1110   1101   1111   1111   0000   0000   
1001   0000   1101   1011   1111   0000   1111   0000   
0010   1100   1001   0111   0000   1111   1111   0000   
0101   1111   1010   0000   1011   0011   1110   0000   
1110   1011   1000   0010   1110   1100   0011   0001   
1100   0101   1011   1000   0101   1101   0101   1000   
1101   0010   1101   0100   0010   1110   1100   1001   
1001   1001   0110   1100   0100   0111   1011   0001   
1010   0111   0001   1001   1001   0110   1010   1001   
1011   1110   0000   0101   0111   0001   0101   1001   
0101   1000   0010   1111   1001   1100   0110   1001   
0000   1110   0111   1010   1010   1001   1001   1001   
0110   0001   0111   0011   0110   0011   0110   1001   
0111   0101   0100   0110   1101   1010   1001   1000   
